structure(list(Time = structure(c(1L, 1L, 1L, 1L, 1L, 1L, 1L, 
1L, 2L, 2L, 2L, 2L, 2L, 2L, 2L, 2L, 2L, 2L, 2L, 2L, 2L, 2L, 2L, 
2L, 3L, 3L, 3L, 3L, 3L, 3L, 3L, 3L, 3L, 3L, 3L, 3L, 3L, 3L, 3L, 
3L, 4L, 4L, 4L, 4L, 4L, 4L, 4L, 4L, 4L, 4L, 4L, 4L, 4L, 4L, 4L, 
4L, 5L, 5L, 5L, 5L, 5L, 5L, 5L, 5L, 5L, 5L, 5L, 5L, 5L, 5L, 5L, 
5L), .Label = c("0mes", "1mes", "2mes", "3mes", "4mes"), class = "factor"), 
    Pack = structure(c(1L, 1L, 1L, 1L, 1L, 1L, 1L, 1L, 2L, 2L, 
    2L, 2L, 2L, 2L, 2L, 2L, 3L, 3L, 3L, 3L, 3L, 3L, 3L, 3L, 2L, 
    2L, 2L, 2L, 2L, 2L, 2L, 2L, 3L, 3L, 3L, 3L, 3L, 3L, 3L, 3L, 
    2L, 2L, 2L, 2L, 2L, 2L, 2L, 2L, 3L, 3L, 3L, 3L, 3L, 3L, 3L, 
    3L, 2L, 2L, 2L, 2L, 2L, 2L, 2L, 2L, 3L, 3L, 3L, 3L, 3L, 3L, 
    3L, 3L), .Label = c("p0", "p0,10", "p0,20"), class = "factor"), 
    GSI = c(0.309692903, 0.284404305, 0.322942918, 0.44796615, 
    0.394561512, 0.339201475, 0.404045592, 0.193010605, 0.416044044, 
    0.39594947, 0.327635311, 0.314257073, 0.297067733, 0.258212192, 
    0.393998688, 0.424558662, 0.428179802, 0.41925837, 0.515965981, 
    0.366520408, 0.469250477, 0.436705932, 0.503127157, 0.374954212, 
    0.245810531, 0.306072732, 0.368804767, 0.40367802, 0.263585267, 
    0.18992642, 0.485050412, 0.309682689, 0.272488738, 0.2183417, 
    0.308884871, 0.334903216, 0.270359346, 0.299559895, 0.320354618, 
    0.332882774, 0.258993341, 0.28771299, 0.319702528, 0.350206104, 
    0.190944621, 0.307389486, 0.130671652, 0.170211967, 0.288467926, 
    0.279801517, 0.265247034, 0.39391358, 0.34476397, 0.313611382, 
    0.321555601, 0.386991297, 0.139529414, 0.135131696, 0.232373257, 
    0.276539524, 0.237899905, 0.154580235, 0.194256037, 0.273776262, 
    0.271629213, 0.27718945, 0.353720675, 0.246068643, 0.330560423, 
    0.262832237, 0.354528086, 0.295276889)), row.names = c(1L, 
2L, 3L, 4L, 5L, 6L, 7L, 8L, 33L, 34L, 35L, 36L, 37L, 38L, 39L, 
40L, 41L, 42L, 43L, 44L, 45L, 46L, 47L, 48L, 57L, 58L, 59L, 60L, 
61L, 62L, 63L, 64L, 65L, 66L, 67L, 68L, 69L, 70L, 71L, 72L, 73L, 
74L, 75L, 76L, 77L, 78L, 79L, 80L, 81L, 82L, 83L, 84L, 85L, 86L, 
87L, 88L, 89L, 90L, 91L, 92L, 93L, 94L, 95L, 96L, 97L, 98L, 99L, 
100L, 101L, 102L, 103L, 104L), class = "data.frame")
